1
1
2
3
6
9
18
30
56
99
186
335
630
1161
2182
4080
7710
14532
27594
52377
99858
190557
364722
698870
1342176
2580795
4971008
9586395
18512790
35790267
69273666
134215680
260300986
505286415
981706806
1908866960
3714566310
7233615333
14096302710
27487764474
53634713550
104715342801
204560302842
399822314775
781874934568
1529755125849
2994414645858
5864061663920
11488774559616
22517997465744
44152937520670
86607683851185
169947155749830
333599969907456
655069036708398
1286742745883790
2528336632900554
4969489234738635
9770521225481754
19215358392200893
37800705069076950
74382032520643617
146402730743693304
288230376084602880
567592125344909154
1117984489185516357
2202596307308603178
4340410370031955245
8555011744328945842
16865594581186450683
33256101992039755026
65588423372234846720
129379903640264252430
255263053126231647315
503719091506095041632
994182417442624283055
1962541914958813595274
3874762242347531676435
7651429238067273257634
15111572745169120787664
29850020237398249570304
58971991200686800921575
116522970565265462622282
230271584688448434290055
455125014443154512829018
899665726224738035908989
1778649481731868204891030
3516875111605994051576550
6954719321827979072466990
13754889325392723216145164
27207473390887478569211430
53823479968928812291873035
106489465744978948355328066
210713198176233443201038641
416990329022443882071278430
825293359523583917857003520
1633570361118852321516370110
3233802551602620279839003712
6402275758728431320603653208
12676506002282282755967953152
