1
3
7
18
43
116
295
798
2135
5826
15919
44016
122011
340620
954443
2686728
7588771
21509940
61144063
174289728
498012395
1426229112
4092816967
11767220866
33890202235
97761550218
282424566879
817018885380
2366546223931
6863002426274
19924878993559
57906748027458
168456120514283
490504842611958
1429471735407739
4169293526827100
12169831579784971
35548722209390064
103911656494008587
303941609075779482
889585223857256851
2605213922474610610
7633882758103350127
22381156468700054652
65651392697033118227
192672566290823732796
565719451451489679415
1661800891576667353016
4883659768727909717983
14357959731335998744314
42229293349485455110667
124251574706261836027968
365721616201373974378411
1076846981204320137380272
3171803835874388764598347
9345493445630818209092550
27544612262069586419090411
81209115464794536010523898
239498069341733453431548943
706519304567724798445804544
2084811062677750287437206651
6153555233424754246475343732
18167639260660541632857326355
53651309691782306150001865788
158477714782163753320402069411
468229611856951984011220216754
1383723330563436763181675358175
4090123374167623235724576488568
12092538671456380260314302791659
35759364357029443710376647620970
105767134013765684798665931488039
312894438124089613825727922334570
925824638832987376747324716902611
2739940485195049739066400280326258
8110223836177599069170969733660379
24010531093947336458502335640154284
71096118044416470991554598765246555
210553888054619947677296459362555906
623665946895966708554235393513169783
1847610367679308930030265749298719356
5474401089420189532056918723601569511
16222920301574493587535895457547541278
48082390291413617567803491066734354047
142529942649547624355941014561401129960
422559359384541419766846969553153726579
1252937635384396520075586765846333567576
3715608160105452638503092760759604487947
11020156020312764697645419223905298527982
32689002127669327973712878469686573001331
96977372978752346532825694524217784410334
287735062684210272547188064479886068477115
853822522965102248709470468606727374895396
2533924906864174468769327071656610553609963
7520904776756432837129671873252646129492580
22325212074161200840816087688217641594789995
66277973345166065408820270986673944078966766
196784085808328112546063518134916778408069571
584328254798198784789398450052225769096335984
1735277847582529727727222994691281228178168915
5153775207320113297688112474353784388665395328
