1
2
6
15
42
107
294
780
2128
5781
15918
43885
122010
340323
954394
2685930
7588770
21507696
61144062
174283887
498012094
1426213191
4092816966
11767176070
33890202192
97761428205
282424564744
817018544745
2366546223930
6863001465941
19924878993558
57906745340730
168456120498358
490504835023185
1429471735407402
4169293505273260
12169831579784970
35548722148245999
103911656493886570
303941608901488974
889585223857256850
2605213921976257783
7633882758103350126
22381156467273825525
65651392697032161656
192672566286730915827
565719451451489679414
1661800891564897446220
4883659768727909717688
14357959731302108536296
42229293349485447521890
124251574706164074477735
365721616201373974378410
1076846981204037691305588
3171803835874388764582386
9345493445630001190206390
27544612262069586357946342
81209115464792169464299965
239498069341733453431548942
706519304567717935269050483
2084811062677750287437206650
6153555233424734321596350171
18167639260660541632359311832
53651309691782248243253838330
158477714782163753320401947358
468229611856951815553673489171
1383723330563436763181675358174
4090123374167622745219733876595
12092538671456380260310209974686
35759364357029442280904911867125
105767134013765684798665931488038
312894438124089609656422628330620
925824638832987376747324716902610
2739940485195049726896568700541285
8110223836177599069170935842503744
24010531093947336422953613430764205
71096118044416470991554598765230342
210553888054619947573384705107119005
623665946895966708554235393513169782
1847610367679308929726324140220253944
5474401089420189532056918441177002632
16222920301574493586646310233690284425
48082390291413617567803491066734354046
142529942649547624353335799821907930705
422559359384541419766846969553146137766
1252937635384396520067952883088230217447
3715608160105452638503092758393058264010
11020156020312764697623038067436598472550
32689002127669327973712878469686573001330
96977372978752346532760043124657728312580
287735062684210272547188064479886068354810
853822522965102248709277796040436551162585
2533924906864174468769327071636685674616398
7520904776756432837129106153801194639813163
22325212074161200840816087688217641533645890
66277973345166065408818609185724460666273020
196784085808328112546063518134916778408069570
584328254798198784789393566392457041186277676
1735277847582529727727222994691112772057652504
5153775207320113297688098116394053052492367112
