1
4
20
90
420
1910
8820
40590
187880
871494
4057620
18945960
88738020
416787030
1962922276
9268287390
43868210820
208109782580
989400443220
4713395564772
22497100553820
107572434560790
515241748300020
2471798732124660
11875892958804336
57138943023223110
275280229570839080
1327887335169504720
6412975329204965220
31005655102713970198
150064554421256941620
727019300661405012990
3525501056079997927660
17111219447904381172230
83120070115790084284596
404088690607784332119060
1965964504754129201414820
9571640074879646900899350
46633004412588533779046340
227343452297739337051383672
1109021936228486667781783620
5413198395955184594452803450
26437000138690813049456224020
129182554569794949438787827000
631566033119216045656458356704
3089208595475280082664457524310
15117509121690885527377146416820
74013217721624720951973118805460
362515336354131583457708826807960
1776331486388245894151834255304696
8707532142111013789251881071841620
42700495516167488994062055176403060
209474511634210392406690960224586020
1027978272457484603463374635261666580
5046444692401354570890923352701420676
24781671222939056083298753736189547020
121734616398592881374336557627784239500
598179076599765609151904428540515918150
2940203648994606156139393596397044131220
14456006812673462704819319452358567974668
71095137262787452399447862102484028267620
349742293259067034217587702504819528674390
1720954479015217669303641495918569429954640
8470324155631020251019369881917845479552190
41700062616681436942535048441175762312892476
205341238053802040758751943262777806833246770
1011382298541381256498569229826813154193220820
4982545467491679468633555468624941952840809820
24551674580571839870951571229908319759593098140
121004686839234692607418225023022478961893259054
596501997007446722827610417606373661133509909620
2941086312678192864395242626208323564685203634260
14503987600888967530313843283653141944805390110020
71539940047668296522797909350480854385738283266630
352930375659322571865669294506037887569513303361824
1741432793414390225731392975451682314830315939086280
8594083989694273462360634502901230800788668916260540
42419517421387927773130799727318746101525568948301510
209412808679558786894967649246557580914499839291575220
1033975747422514126952974387427721431854856544198588312
5106053091734657877927070039756075258152363094176480680
25218920829250524266878963888664389159373585480222237190
124575392329840254779696649226972365972657085882907272020
615461760838331077651808288023833414759851247959395984380
3041105175602864373770242682721060271033440853271811465996
15028717454974360877665089865068454568427005462916243922710
74279867949715929700038701091349568899530346506732996861700
367178892978087184608481231665688076569535688929005532604900
1815266438271228455414042646969975989320172831524080121697220
8975484060153561643063568805457751684039587900457655969174064
44384261852764816266423020008950300959621760585530124115777620
219509121186282321355282929755496010235149412369516411325266160
1085744040539890284701982466895294921081189583767252190665376060
5370967861160943585125943979162187633164300510550614053703135830
26572156790925919404956433873115458727919410403402997214213426596
131476817471448824491676836257174861447179019629070104090288271060
650606931882191108158675898631749903928101537570231119626455426820
3219840428448684636719434019303488197292943163607386993560700728460
15936583939800899997562722845253352891526487065365189153982016914800
78886090506031800098582953772859001155743274291557320493366918159832
