1
5
21
95
421
1935
8821
40685
187901
871919
4057621
18947985
88738021
416795855
1962922717
9268328075
43868210821
208109972395
989400443221
4713396436781
22497100562661
107572438618415
515241748300021
2471798751113235
11875892958804757
57138943111961135
275280229571026981
1327887335586300665
6412975329204965221
31005655104677766323
150064554421256941621
727019300670673341065
3525501056080001985301
17111219447948249383055
83120070115790084293837
404088690607992461037505
1965964504754129201414821
9571640074880636301342575
46633004412588533867784381
227343452297744050447861043
1109021936228486667781783621
5413198395955207091970155055
26437000138690813049456224021
129182554569795057011226445505
631566033119216045658421467301
3089208595475280597906205824335
15117509121690885527377146416821
74013217721624723423781138206085
362515336354131583457708826816781
1776331486388245906027727214980951
8707532142111013789251924940052461
42700495516167489051200998288364285
209474511634210392406690960224586021
1027978272457484603738655072942478055
5046444692401354570890923352705478717
24781671222939056084626641071775888275
121734616398592881374336558617184682741
598179076599765609158317403869720883375
2940203648994606156139393596397044131221
14456006812673462704850325112176660251813
71095137262787452399447862102484028267621
349742293259067034217737767059240785616015
1720954479015217669303641495941066530705181
8470324155631020251020096901218516152893255
41700062616681436942535048441175762401630917
205341238053802040758755468763941459269794775
1011382298541381256498569229826813154193220821
4982545467491679468633572579844389901090192965
24551674580571839870951571229908835001341398181
121004686839234692607418308143092594752395211419
596501997007446722827610417606373661133509909621
2941086312678192864395243030297016644476396837015
14503987600888967530313843283653141944805390110021
71539940047668296522797911316445359139867484681455
352930375659322571865669294506037899445408225088877
1741432793414390225731392985023322389710952240428945
8594083989694273462360634502901230800788668920326981
42419517421387927773130799773951750571253045839310915
209412808679558786894967649246557580914499839291575221
1033975747422514126952974387655064884152600603914736745
5106053091734657877927070039756075258427643323747507661
25218920829250524266878963889773411095602072148004020815
124575392329840254779696649226972365972657085882907272021
615461760838331077651808288029246613157134342386554590205
3041105175602864373770242682721060271033440853315679677237
15028717454974360877665089865094891568565696275965700146735
74279867949715929700038701091349568899536759482062201826941
367178892978087184608481231665817259124105483986016759090995
1815266438271228455414042646969975989320172831524080121697221
8975484060153561643063568805458383250072738122158625215267551
44384261852764816266423020008950300959621760585530124204524461
219509121186282321355282929755499099443744887650114317531090585
1085744040539890284701982466895294921081189733831806611922317701
5370967861160943585125943979162202750673422201436141430849552655
26572156790925919404956433873115458727919410403402998203613870237
131476817471448824491676836257174935460396741980812828532831490135
650606931882191108158675898631749903928101537570231119626455426821
3219840428448684636719434019303488559808279517738970451269944332275
15936583939800899997562722845253352891526487068890690210062019087981
78886090506031800098582953772859002932074760679803226525807528705645
