1
6
31
171
931
5191
28831
161211
902751
5070525
28542631
161056191
910768531
5161489311
29311161075
166782706701
950807058331
5430292643871
31067697562231
178039552956747
1021910165837091
5874432652964571
33817795395588031
194949028978396241
1125290592242110675
6503523541232055141
37631103277057839671
217988903984016336171
1264116854202268871731
7338086571551921610853
42638287272623314671631
247980563924490076440591
1443501555692468821813251
8409697745557409455465761
49033154762935692019090435
286107580090618512319619731
1670642951751388622108067331
9761986706972386806665206131
57079404283856662090281817971
333959989795650208656270264669
1955109573121311170613105461131
11452438802926933710547088082221
67121905860768148798972021677031
393604285919440879083402137970411
2309271462769299380090686682455371
13555037318633505161080962328872591
79602817201914881698482214107046831
467681354034911598829929948685688191
2748893523994557978283193645634036871
16163849192455880962960759494586891941
95083207364288907867503297694106302291
559536645051581843658485960868903814491
3293917994380052557236111648715677946531
19397722674872277125324144085041436590051
114271230141997255389562684095145541238835
673388991118129474423158845511190509009981
3969475242008285699154741745555367521103811
23406335718288579592057516966543960182716181
138058297024304156511486172652784657405700231
814546843649187818096262774235636274989247803
4807175919269600047839352193958100711919990131
28377914891312315476240971848173770833101885671
167565174977962397892862122950083656524422466171
989683508779484921155395174309210894146745619281
5846753991883206961167518508444140689309962562075
34549041929392150433582080069102555151687682215101
204200509799499218514984007682258405020607039455831
1207186363265212738044863188823494949097192340858971
7138150362686749258586084154397215544206512646219171
42217084917402981452218813975451557170777975987865629
249734987825897531731482993557995750815913709418729631
1477599266187218211564287620585154121143017504970015441
8744151982891987410559685193309760450528144788214435531
51755940909430737212169810136954252920251099466154367661
306395240769908902154406865032699130788282763219104442915
1814182694950507995610114278291627770895604232306571430251
10743733003199086421852468705508405996795615489975311857171
63635965502852153452794621013770042605862382077742472588261
376982723595661494025551672405896096693551360979216107669231
2233622844099447490358312376857274370394903030403854613266151
13236284541799951242898239852250379683806047989915209500546191
78449203669574177811736365901196472204922583991285129734039721
465024220161229239348716616890480886057518763803549280209655031
2756929428333926406053652513143673965876306536731367307959108771
16346970395048084626062006424558259378350099194637300738731516235
96941339069400750954799670626045714430975515600136116292388178491
574962439681384995480257149765697157336190951050437318372937850611
3410572727000357991036624342165617502780284658485472048279695551101
20233510473796985360898665194694921028532390835533392922629044378731
120052163939625595244256721803212201145201470758958522553065987627977
712397465221883388771590313355435591697567015877455471842973125036291
4227924130979523532618138639131718347155095687533139930130372235501291
25094775704253077028635642444526449409975806443141657257082319078122851
148966861105823540960299995497308671603239040445931983408192838788953111
884392738616373225716386872884088132029073803699134320768693272597638675
5251081911830079535058107238140225460249340708921445653037720729558624941
31181682410679384492058336657282751644262965908741297864602636690486694331
185181012511472185633254044566090272242026941994078403131188279842400022971
1099862986588787951926849498682348547379981404704508791012478052767352974171
6533186156114618538865722130407721677100896062005133145010181031494072659035
