1
5
30
165
930
5155
28830
161040
902720
5069589
28542630
161050835
910768530
5161460475
29311160114
166782545490
950807058330
5430291735960
31067697562230
178039547886057
1021910165808230
5874432624421935
33817795395588030
194949028817179010
1125290592242109744
6503523540321286605
37631103277056936920
217988903978854846695
1264116854202268871730
7338086571522605375029
42638287272623314671630
247980563924323293733890
1443501555692468793270590
8409697745556458648407425
49033154762935692019060674
286107580090613081865924860
1670642951751388622108067330
9761986706972355738967643895
57079404283856662089371049410
333959989795650030616717146882
1955109573121311170613105461130
11452438802926932688631760779495
67121905860768148798972021677030
393604285919440873208969485005675
2309271462769299380090657370391576
13555037318633505127263166933284555
79602817201914881698482214107046830
467681354034911598634980752924746460
2748893523994557978283193645634008040
16163849192455880961835468902339711672
95083207364288907867503296743299243930
559536645051581843651982437327671759185
3293917994380052557236111648715677946530
19397722674872277125286512976334087009260
114271230141997255389562684095145512695274
673388991118129474422940856607206492512770
3969475242008285699154741745524299823541550
23406335718288579592056252849689757913844445
138058297024304156511486172652784657405700230
814546843649187818096255436148886683358699893
4807175919269600047839352193958100711919990130
28377914891312315476240929209886498209787214035
167565174977962397892862122950082634614255726360
989683508779484921155394926328646969656669178690
5846753991883206961167518508444140689309051792614
34549041929392150433582078625600993584786235974755
204200509799499218514984007682258405020607039455830
1207186363265212738044863180413797203539782885393045
7138150362686749258586084154397215510388717250631110
42217084917402981452218813926418402407842278802245125
249734987825897531731482993557995750815913709418729630
1477599266187218211564287620299046540857449963833055660
8744151982891987410559685193309760450528144788214435530
51755940909430737212169810135283609968499710844046300325
306395240769908902154406865032699130787157472597551172096
1814182694950507995610114278281865784188631845499906223955
10743733003199086421852468705508405996795615489975283285710
63635965502852153452794621013712963201572021892111869478525
376982723595661494025551672405896096693551360979216107669230
2233622844099447490358312376856940410405107380195031560455992
13236284541799951242898239852250379683806010358811932442706520
78449203669574177811736365901194517095349462680114516628578585
465024220161229239348716616890480886057518763803549280209655030
2756929428333926406053652513143662513437503391808752781855128855
16346970395048084626062006424558259378350099194637299787924456974
96941339069400750954799670626045647309069654831987317320366501455
574962439681384995480257149765697157336190949786320464170668978850
3410572727000357991036624342165617109175998739044592964877557419650
20233510473796985360898665194694921028532390835533392922629044378730
120052163939625595244256721803212198835930007982321055885426402986868
712397465221883388771590313355435591697567015877455471842972214238930
4227924130979523532618138639131718333600058368899634769049409906628535
25094775704253077028635642444526449409975806443099018969809695763451190
148966861105823540960299995497308671523636223244017101709710624681906275
884392738616373225716386872884088132029073803699134320768662204900075514
5251081911830079535058107238140225459781659354886286073643866457579202860
31181682410679384492058336657282751644262965908741297864602636690486694330
185181012511472185633254044566090272239278048470083845152905086191604525620
1099862986588787951926849498682348547379981404704507347510922360298530258200
6533186156114618538865722130407721677084732212812677264047220093959937880872
